
0.006769784291585286
0.003964734077453613
0.0034881353378295897
0.0036467631657918294
0.004769317309061686
0.006585176785786947
0.0039229154586791996
0.004770922660827637
0.005812748273213705
0.009788997968037923
0.0037490447362263997
0.00482335090637207
0.004701693852742513
0.007653665542602539
0.008072805404663087
0.007935905456542968
0.0037061611811319986
0.007361888885498047
0.003975264231363932
0.005334122975667318
0.008398501078287761
0.004019403457641601
0.006465848286946615
0.004029202461242676
0.004774785041809082
0.0054258187611897785
0.0059599796930948894
0.005765795707702637
0.0056655486424764
0.006932393709818522
0.007298096021016439
0.009008487065633139
0.005416218439737956
0.007127658526102702
0.007106256484985351
0.004273041089375814
0.005734777450561524
0.005314946174621582
0.007647379239400228
0.005718580881754557
0.005623412132263183
0.005900255839029948
0.0044773260752360025
0.004272659619649251
0.0039672374725341795
0.004403599103291829
0.004236300786336263
0.003914554913838704
0.004090102513631185
0.0040212313334147135
0.005931488672892253
0.004281385739644369
0.004333607355753581
0.006089123090108236
0.0076125144958496095
0.005669069290161133
0.0037916898727416992
0.004039359092712402
0.005587712923685709
0.007898275057474773
0.008939528465270996
0.007266902923583984
0.006457773844401041
0.006198485692342122
0.006933180491129557
0.003864399592081706
0.004070281982421875
0.00457157293955485
0.005634435017903646
0.005892737706502279
0.00449065367380778
0.005381719271341959
0.004075320561726888
0.003980096181233724
0.007697661717732747
0.0061054309209187824
0.005719129244486491
0.00523991584777832
0.005953510602315267
0.00439143975575765
0.0039550065994262695
0.005428004264831543
0.004682564735412597
0.007893745104471843
0.00523827075958252
0.00556028683980306
0.0045710325241088865
0.00731805960337321
0.003785244623819987
0.004243890444437663
0.004406468073527018
0.005091524124145508
0.004293179512023926
0.007428320248921713
0.004053862889607748
0.004710340499877929
0.004468154907226562
0.007864292462666829
0.006374152501424154
0.007345946629842123
0.008159947395324708
0.006964039802551269
0.004266564051310221
0.006600197156270345
0.005762481689453125
0.006510122617085775
0.007327771186828614
0.0038193543752034504
0.008919334411621094
0.008719786008199056
0.010630925496419271
0.006372880935668945
0.008825278282165528
0.005392829577128093
0.004739586512247721
0.010417437553405762
0.006343579292297364
0.0067128340403238935
0.006493560473124186
0.006768019994099935
0.010115226109822592
0.004990116755167643
0.0070652643839518225
0.012318078676859539
0.007012120882670085
0.007393161455790202
0.007058405876159668
0.007764585812886556
0.004755210876464844
0.007350643475850423
0.005253060658772787
0.00669862429300944
0.007519141832987467
0.006645560264587402
0.00819694995880127
0.006604258219401042
0.007071598370869955
0.005697504679361979
0.006441919008890787
0.007248648007710775
0.007572325070699056
0.004105313618977865
0.008288184801737467
0.007178783416748047
0.006318902969360352
0.005449247360229492
0.006505393981933593
0.005552117029825846
0.00704806645711263
0.004956459999084473
0.006199455261230469
0.005086191495259603
0.006210843722025554
0.0040875434875488285
0.005745307604471842
0.004965678850809733
0.00613397757212321
0.004213078816731771
0.004241720835367838
0.005054505666097006
0.004501239458719889
0.007032434145609538
0.004542946815490723
0.008312455813090007
0.009484171867370605
0.0074190457661946615
0.0061606963475545245
0.0067806164423624676
0.00499873956044515
0.006745235125223795
0.007827496528625489
0.004120024045308431
0.004680832227071126
0.005731503168741862
0.006466515858968099
0.005998984972635905
0.006003387769063314
0.008330035209655761
0.006875046094258626
0.006552259127298991
0.003966983159383138
0.00744471549987793
0.007769719759623209
0.007546281814575196
0.0078027645746866865
0.008430171012878417
0.009598151842753092
0.00952770709991455
0.008053223292032877
0.014236092567443848
0.014449508984883626
0.007368946075439453
0.0045260429382324215
0.005747000376383464
0.008892416954040527
0.007380946477254232
0.005050857861836751
0.005613342920939127
0.004376324017842611
0.010337758064270019
0.008046436309814452
0.00432281494140625
0.009569803873697916
0.008237934112548828
0.00501707394917806
0.006977391242980957
0.00629127820332845
0.003965012232462565
0.00392913023630778
0.004155548413594564
0.004015318552652995
0.006168882052103679
0.009320815404256185
0.006340169906616211
0.00391987959543864
0.007338714599609375
0.00991041660308838
0.006047828992207845
0.00815274715423584
0.006923071543375651
0.005395197868347168
0.004998469352722168
0.005094170570373535
0.005370497703552246
0.0051780621210734045
0.0038130760192871095
0.004684146245320638
0.0053999900817871095
0.010426759719848633
0.008372998237609864
0.012303415934244792
0.00892025629679362
0.009300859769185384
0.010482239723205566
0.010684633255004882
0.00878142515818278
0.008345095316569011
0.005017471313476562
0.013241163889567057
0.007287144660949707
0.011808363596598308
0.011265746752421061
0.006850028038024902
0.007915719350179037
0.006743661562601725
0.004073985417683919
0.0065552632013956705
0.005560739835103353
0.00585625966389974
0.00558782418568929
0.004243993759155273
0.007525904973347982
0.004824066162109375
0.0044176657994588215
0.007304620742797851
0.0041451613108317055
0.004673480987548828
0.004118919372558594
0.00413659413655599
0.004277849197387695
0.00436852773030599
0.0067204634348551435
0.004083816210428874
0.004043022791544597
0.004671931266784668
0.006589825948079427
0.004151542981465657
0.004725193977355957
0.004179112116495768
0.004960020383199056
0.004039923350016276
0.004771606127421061
0.004594731330871582
0.004245686531066895
0.006923850377400716
0.004079786936442057
0.005796607335408529
0.004483469327290853
0.004521695772806803
0.0060751040776570635
0.0043435335159301754
0.005326167742411295
0.006373437245686849
0.006575854619344076
0.004189729690551758
0.003952455520629883
0.004662744204203288
0.006421915690104167
0.006511116027832031
0.006312211354573567
0.007941126823425293
0.005538153648376465
0.00693055788675944
0.008342337608337403
0.004562274614969889
0.004049340883890788
0.004579321543375651
0.004027382532755534
0.008303451538085937
0.007323646545410156